-6
-9
11
-14
15
10
-7
4
6
8
2
-4
-18
-7
0
-1
2
11
13
-6
-7
4
0
3
8
-19
-6
-6
-9
-21
-4
-11
-4
-7
1
-1
17
4
-1
11
-8
9
7
0
4
-4
11
3
0
-5
-5
3
2
10
-4
2
-8
4
-12
1
1
-11
9
3
-2
-1
3
-3
9
-10
-9
1
3
-7
-4
-12
-5
-2
-3
-5
-4
-5
-13
-10
-7
-10
-10
-17
-4
-11
-8
0
-10
-6
4
13
-3
-2
-4
4
-11
-11
-4
-11
-15
-19
-24
-6
-17
-13
-3
-4
-19
-4
-2
-6
-3
-21
95
450
444
5
-460
-508
-95
86
8
-109
54
364
383
73
-182
-190
-37
10
-121
-188
-61
162
198
115
-6
13
-2
-14
-90
-95
-18
84
92
26
-16
37
51
8
-44
-87
-36
-13
-19
-59
-50
-34
-1
-12
-39
-71
-56
-37
-28
-41
-42
-24
-15
-21
-17
-28
-31
-20
-16
-12
-11
8
15
13
17
17
18
26
31
5
1
13
4
7
7
5
12
3
14
15
9
16
5
-2
-10
-8
-13
-13
-19
-16
2
3
7
7
-17
-5
-3
12
-10
-24
7
22
23
25
30
24
32
29
31
33
21
25
31
26
31
29
27
40
45
37
21
13
34
25
16
19
15
12
19
6
6
-1
1
4
10
-11
2
5
-3
1
-6
8
-2
19
10
18
11
9
12
17
11
13
23
19
27
12
29
17
25
40
20
11
15
26
31
30
7
9
27
24
16
16
14
16
10
13
-3
13
13
5
-3
-12
8
10
10
-5
1
-1
0
-14
21
18
18
18
14
14
21
11
8
17
19
16
15
21
16
11
17
24
19
10
20
7
20
26
28
19
12
12
23
9
8
16
0
11
-5
-8
7
-9
-2
1
3
-5
3
5
9
13
-12
17
14
16
11
10
13
16
8
9
5
6
4
5
4
7
-8
5
5
6
9
-1
18
23
17
9
19
21
18
19
28
27
22
19
20
14
27
15
25
22
28
21
34
25
27
19
8
11
23
25
22
23
27
44
23
38
24
35
30
33
36
30
24
39
24
33
39
25
33
33
27
23
31
23
27
28
26
33
43
56
32
43
40
36
40
32
25
25
29
33
37
27
16
21
30
31
26
37
26
27
32
18
20
19
13
12
17
11
12
15
8
22
19
23
21
29
39
45
27
25
23
28
12
8
10
14
7
7
3
10
3
-11
2
-2
-6
1
-18
-4
-2
2
-8
-7
-3
14
-4
6
4
11
11
14
6
13
15
7
6
3
16
2
3
1
7
10
2
-8
0
-10
-14
-19
-11
-4
-17
-15
-16
-3
-21
-16
-23
6
-7
-9
-11
-3
-7
-14
-20
4
3
-7
1
-10
2
-2
-6
-8
-8
-6
-3
-4
-7
-15
-13
-8
-1
-7
-8
-9
3
-9
-7
-13
-15
-9
-17
-17
-17
-11
-6
3
3
-1
6
-2
11
2
1
-2
-12
-17
2
-16
-7
-23
-9
-8
-5
-19
-9
3
-8
-14
-12
-18
-30
-6
-17
-19
-30
-17
-10
-17
-23
-9
-6
-10
-1
-14
-16
-5
-8
-10
-7
-21
-15
-16
-13
-14
-2
-21
-3
-3
-2
-20
-7
-10
-19
-8
-4
-14
-10
-9
-13
-9
-8
-15
-26
-21
-23
-19
-15
-4
-26
-14
-21
-34
-6
-17
-23
-18
-10
2
6
-5
-4
-18
-15
-22
-9
-11
-22
-9
-6
-2
-16
-19
-15
-24
-12
6
-6
1
-5
1
-8
3
1
-16
1
-5
1
-11
-21
8
-16
-14
-14
-15
-13
-5
-10
-12
-4
-14
-9
0
-9
-4
-13
2
-2
-19
-8
-10
-1
-8
-3
-2
-16
8
-6
-4
-2
2
-1
-6
2
-8
-11
-10
-8
3
-6
-2
7
-5
7
5
-17
-15
1
-9
-7
-9
-18
-7
-10
-9
-19
-17
-15
-33
-9
-11
-19
-7
-9
-11
-8
-17
-13
-21
-11
-8
-22
-13
-4
-18
-1
1
3
5
4
2
5
3
2
8
11
-6
-8
-16
-10
1
-8
9
11
5
5
1
0
1
-16
-17
-10
-14
-2
0
-13
10
2
-5
6
12
-15
-7
1
0
11
-13
6
-7
-1
-8
-11
0
-5
-21
-9
-9
0
-1
1
-8
0
10
-8
6
2
5
-19
-8
0
-8
8
6
4
2
-4
5
0
8
-2
1
6
-1
11
-8
5
2
19
7
9
15
3
5
-6
5
14
10
18
24
9
7
19
11
10
1
-3
7
19
10
-1
35
7
-2
9
-4
-16
-12
15
21
15
8
13
10
11
20
7
3
9
4
13
24
1
15
13
-3
11
21
15
9
-1
10
24
11
11
12
10
-2
15
3
5
37
17
24
29
19
14
22
18
26
24
17
28
15
19
16
8
19
25
12
11
40
3
11
22
12
12
12
11
29
15
24
13
12
20
19
29
37
14
12
45
24
18
43
21
31
43
37
38
35
33
49
46
28
47
32
17
31
35
20
18
31
28
19
38
36
36
24
29
25
24
38
10
11
22
16
11
22
26
30
14
26
30
20
34
22
15
36
9
20
29
22
34
46
16
5
15
29
12
29
35
7
20
38
16
9
20
19
21
10
25
35
33
33
19
-2
9
-1
8
9
3
20
18
2
15
17
-9
16
12
5
25
13
6
18
14
-5
11
27
7
30
16
17
10
12
14
0
12
30
13
-8
11
1
-13
20
1
-3
2
-2
-9
19
4
-7
2
-1
10
5
-4
23
-6
54
32
-76
71
22
-10
11
23
-2
16
8
8
-1
17
17
10
1
20
4
-1
12
0
-15
8
5
-6
0
25
-10
-9
-9
-11
-17
6
6
0
-5
19
-5
-1
6
-6
-8
1
-5
-9
16
4
-20
9
-4
-16
4
8
-8
2
-4
6
-4
3
25
-1
-13
14
10
-1
3
8
1
8
8
24
2
6
16
4
0
23
9
4
-1
-14
-7
5
-8
5
-13
-11
-11
-15
-14
7
7
-20
-5
-12
-37
-19
-14
-46
-4
-12
2
-4
-19
5
-3
-14
12
8
9
9
-4
9
17
-5
13
4
9
19
11
7
-3
12
-3
17
-2
20
-8
4
-1
5
26
-3
3
40
-4
-11
28
6
-16
20
2
1
21
16
-12
3
18
-3
-17
19
10
-28
-6
19
-7
-4
9
-13
-4
-9
4
-2
-12
8
0
6
8
-18
-9
15
-3
-9
8
-1
-11
-4
-13
-9
13
-3
-17
13
-24
-18
7
-13
-16
8
15
-12
2
12
1
-3
2
4
6
8
1
-4
2
-1
-1
9
-11
1
-1
8
-8
5
-12
-28
1
13
-15
-2
10
-17
-3
6
-13
2
-11
-9
-8
13
-28
1
31
-18
10
1
13
-16
71
75
-228
185
-42
-37
33
16
-32
36
-17
-2
16
-22
5
-2
0
-7
15
5
5
-6
28
13
-26
37
-32
33
-3
0
-6
24
-53
17
30
-20
-11
40
-10
-9
17
-12
-6
15
-9
-8
13
-23
9
48
-31
-9
21
-32
-6
21
1
32
-18
8
29
11
6
25
11
0
6
4
12
2
2
10
2
-33
16
-14
-12
26
4
-3
10
9
-6
-4
-7
10
-9
3
10
-15
-7
2
-12
-4
0
18
-8
1
2
16
-2
-15
6
-8
-8
1
-1
-3
-14
-6
5
12
-7
-4
-20
1
4
-16
-1
-2
-29
-5
0
-17
-18
3
-2
-7
-5
-5
-20
5
-14
-9
9
-17
-11
17
-26
6
-8
-2
-6
2
-21
16
-2
-34
7
22
-21
2
7
-1
-17
9
-1
12
-8
13
20
-2
-7
11
14
8
4
20
-3
13
27
5
6
3
24
-11
4
7
7
22
-5
20
-17
-3
29
-13
17
27
-73
-168
-50
-84
-112
-243
-189
-160
-35
-44
70
-103
-187
-243
-45
15
-32
-108
11
66
38
-3
-9
33
-17
-57
16
-29
-34
-65
-14
-18
-55
-63
-6
-53
-53
-31
-44
-77
-7
18
-6
46
32
47
112
106
146
126
255
566
243
-171
-19
344
95
3
94
133
256
304
136
86
10
0
-30
-78
-146
-130
-109
-53
-43
-91
-93
-20
-93
-89
-62
-66
-61
-25
40
42
64
187
105
125
229
163
169
240
208
197
234
218
233
208
177
182
170
157
140
119
78
101
65
17
63
33
-21
1
-2
-50
-62
-22
-51
-71
-56
-58
-79
-53
-87
-78
-76
-69
-63
-66
-78
-34
-55
-54
-16
-18
-13
-31
8
-16
-3
15
12
0
23
15
-4
28
0
-16
9
-6
-25
-19
-30
-53
-54
-39
-60
-78
-65
-76
-90
-81
-99
-80
-85
-87
-62
-69
-89
-63
-48
-73
-38
-26
-36
-27
-5
-1
0
19
25
17
18
52
46
34
57
64
46
69
68
63
48
53
42
32
30
32
34
18
13
30
2
26
35
-12
31
35
4
7
40
47
16
23
57
51
41
59
69
57
57
72
76
54
89
69
80
73
73
68
69
78
63
58
78
79
82
68
77
59
87
64
49
64
61
42
63
56
45
44
44
48
31
32
29
34
35
26
26
22
11
15
22
23
10
10
15
10
24
3
0
23
7
16
11
23
1
5
10
-12
14
6
-9
-15
1
-13
-6
-16
-19
-37
-25
-18
-32
-32
-20
-36
-34
-31
-31
-22
-18
-27
-10
-21
-23
-14
-16
-42
-5
-23
-28
-14
-29
-32
-19
-21
-42
-33
-17
-17
-29
-19
-44
-24
-24
-30
-25
-16
-31
-24
-30
-26
-24
-25
-27
-27
-20
-16
-31
-24
-34
-20
-16
-26
-30
-18
-28
-41
-9
-19
-35
-28
-18
-36
-23
-16
-37
-19
-16
-20
-17
-20
-27
-25
-8
-30
-18
-23
-24
-8
-21
-19
-8
-7
-23
-23
-2
-23
-33
-6
-13
-4
-7
-4
-12
-21
-15
7
-3
-16
17
1
-6
6
3
-6
2
3
6
7
5
9
-3
-8
2
-5
-25
-12
-10
-17
-17
-5
-11
-6
-9
-6
-11
-6
-14
-25
2
-13
-18
-12
-8
-10
-12
-3
-7
-10
5
-3
-10
3
-11
-6
-21
-5
-7
-4
-10
-10
-2
1
-9
-1
-3
5
-5
-15
-1
-11
-7
-7
-2
-19
-19
-9
-24
-32
-24
-14
-36
-21
-23
-23
-34
-40
-14
-27
-30
-32
-25
-46
-25
-29
-26
-26
-24
-21
-25
-39
-17
-18
-21
-27
-33
-18
-4
-15
-19
-10
-14
-20
-17
-22
-10
-16
-22
12
-24
-30
2
-10
-19
-7
-5
-26
-8
-8
-15
-9
-22
-13
-13
-10
-9
-3
-2
9
-9
-6
23
-7
-2
1
2
2
-18
-5
-12
-4
-11
6
2
-6
-7
-7
-9
-16
-2
1
-30
-9
7
-7
-19
-9
-11
-16
-15
-10
-19
-1
-7
5
7
-22
-16
1
-8
2
0
-7
-6
-6
-11
-4
1
12
7
7
2
4
14
5
11
8
11
9
5
2
4
1
8
14
-8
15
10
-1
10
26
0
12
40
9
9
22
24
4
21
54
18
47
41
62
-5
95
44
163
79
188
416
3920
1329
-965
439
1221
704
-335
-785
123
143
-1144
-972
-250
-261
-997
-449
-95
-246
-606
-359
218
-177
-202
77
234
-232
84
13
-154
-110
415
-22
186
333
-22
-510
-130
363
-89
-259
-169
102
81
-309
-730
544
126
-477
-589
386
-239
-339
-447
-39
-125
-540
-249
434
-353
-105
34
-197
184
-94
-338
769
-283
398
-341
466
-147
39
728
-415
374
381
140
61
-215
271
100
443
-396
528
542
-337
-452
296
931
-852
-387
535
631
-213
-1375
602
525
-831
-613
191
144
-86
-870
-36
625
-335
-1143
594
886
-722
-738
902
174
-375
-714
639
430
309
-517
257
347
218
-37
-340
327
178
440
-508
784
-306
583
-337
-83
-135
994
315
-783
-42
132
803
-446
-555
-167
545
-385
-736
62
-39
273
-553
596
-202
320
-644
-22
-591
565
271
-620
-268
351
274
-693
-135
629
1177
-651
-484
1131
-235
287
-495
414
149
334
-269
245
51
-2
-80
-1146
-151
621
-136
-564
247
379
243
-1372
-6
1581
937
-1428
-834
1124
1156
-741
-718
-255
1122
1628
-639
-1549
-721
1487
1913
-1849
-495
1386
492
-1319
198
733
1430
-2441
-182
1055
1631
-1038
-1246
1177
1418
-281
-1092
1810
-968
-377
-169
1315
-1018
-357
633
1006
-622
-940
454
219
36
-481
660
433
711
-491
387
-382
654
393
153
-1276
701
302
1127
-793
173
-452
377
1796
-894
-482
-118
1541
-263
-1275
390
237
-268
-84
384
-382
-540
-1255
824
24
163
214
-1312
-440
214
220
1494
-1582
-1056
272
1718
-1120
-366
1069
-1741
-1288
1492
921
-1451
-599
303
1169
-1988
1222
166
-795
-1201
1378
483
-699
-1060
384
871
-2278
-201
731
267
-547
-354
389
1273
-1429
-754
133
730
-379
-324
-1009
1477
282
-1058
-17
263
956
-1201
-123
1750
-90
-699
-503
2185
-1663
-620
-60
1706
312
-1761
-184
1079
-798
1109
-48
68
643
-1921
154
794
301
-692
-269
597
95
-942
-576
1016
315
1017
-495
324
360
-157
-546
151
1915
-169
-1000
-22
1086
19
-539
-478
768
1954
86
-1206
624
-778
-190
-1719
1408
451
-405
-2
-158
-1215
71
-815
-32
1027
596
914
-842
-683
-1037
-319
-182
1665
752
-301
919
-860
-1285
55
43
-125
1425
717
245
-1536
-241
-612
-526
116
859
-16
826
579
-2115
-563
11
60
401
289
1909
-141
-2162
212
1349
-811
121
505
2073
18
-875
649
185
-997
-1145
1288
744
-101
659
-289
-276
-405
-680
-153
1049
815
-48
-115
824
628
-483
735
2109
843
267
1019
768
-571
-805
811
744
9
-845
-445
-19
-852
-1124
188
-63
-426
-616
111
413
-379
-277
-131
-215
-91
-216
-129
-222
-117
847
307
-267
-583
-57
454
195
4
-158
289
-21
-499
-491
86
-1223
-734
59
613
-352
-756
175
164
-1408
-836
564
407
343
124
321
298
-385
-844
-31
739
605
733
94
-120
-72
-264
-314
108
243
-223
-218
-6
96
-450
-480
-586
-531
-291
-264
-36
395
-377
70
-46
62
212
-107
29
340
62
164
431
-224
71
24
-325
624
301
-721
-159
304
18
-338
490
858
484
-569
-192
373
-136
-224
84
389
800
400
142
737
186
-467
-606
-63
195
-83
-157
-178
281
32
-676
-680
-69
349
-516
129
588
-119
-597
-184
-272
-99
1081
779
50
412
-16
-371
-179
-41
143
-259
494
861
24
-490
-265
-452
-314
-19
-356
127
192
-92
-73
-224
-601
-910
-607
316
458
409
229
-277
-294
88
108
-343
-289
-82
78
496
428
-32
-229
-227
127
228
138
259
189
434
88
-166
-258
-293
-211
-128
-144
-285
-277
-136
-382
-197
59
-69
125
463
804
507
410
310
192
172
314
529
209
25
19
364
367
124
-355
-245
82
50
297
446
96
233
268
-12
-97
31
-99
-424
-120
233
-203
-574
-630
-379
-19
266
353
382
269
190
34
-155
11
-24
-92
281
592
413
114
-177
-177
-204
-148
181
473
696
631
621
477
137
-134
-101
-6
116
230
304
337
293
268
74
-82
-291
-317
-181
78
279
268
268
282
224
8
-507
-716
-519
-182
-39
82
350
39
-251
-90
-54
-152
-383
-154
213
250
239
220
279
240
-19
-187
-290
64
403
656
623
360
77
-225
-271
-112
-203
-158
61
169
112
196
331
190
114
223
161
-98
-50
215
294
415
429
303
163
235
225
14
-81
94
-12
38
293
435
153
-223
-264
-423
-361
-229
-164
62
93
139
101
257
323
121
190
323
390
236
-72
-201
-596
-813
-642
-327
-149
-98
-90
-203
-193
59
275
306
269
268
348
281
276
322
360
131
-97
-190
-148
-118
-140
-69
41
-24
-60
1
-32
-208
-211
-166
-162
-182
-143
-83
-132
-207
-408
-571
-327
38
326
302
471
509
367
255
155
-38
-223
-25
-202
-304
-251
-370
-457
-555
-592
-741
-706
-109
173
283
376
210
143
85
110
-130
-320
-180
-252
-3
187
72
-89
-309
-455
-626
-383
-133
-27
198
335
285
115
-20
-97
-318
-269
-341
-358
-24
194
138
-141
-188
-111
-305
-66
218
340
440
478
562
316
194
24
-266
-326
-279
81
291
427
239
-120
-358
-580
-433
-141
177
481
609
732
673
636
602
535
241
-259
-273
51
41
192
305
51
-317
-676
-848
-820
-662
-441
-477
-92
278
316
287
20
-423
-849
-713
-409
-562
-266
-100
-209
-137
38
151
-110
-266
-495
-749
-367
76
341
219
44
-31
-124
-51
-188
-239
-18
118
9
-38
37
30
35
231
280
208
429
438
155
-152
-270
-185
-201
-338
-604
-303
27
333
713
559
403
141
50
-125
-308
-6
-90
179
179
43
9
-136
-36
-326
-287
-219
-93
231
219
154
-208
-447
-295
-394
-344
-263
-331
-316
-414
-430
-364
-129
120
37
63
-8
178
376
349
294
2
192
275
284
406
465
433
-220
-434
-667
-767
-525
-442
-442
-458
-166
-69
-74
42
-141
-319
-391
-426
-358
-224
-194
-281
-342
-93
131
444
540
352
361
226
221
105
-70
-221
-370
-263
-202
-64
160
180
10
-208
-237
-281
-193
-43
84
475
875
1086
1051
838
576
134
-95
-211
-243
20
260
416
579
689
664
438
115
-71
-176
-29
77
163
286
283
346
351
344
357
172
41
-110
-98
-85
13
133
264
435
461
459
323
226
128
-19
-179
-375
-424
-422
-275
-157
-31
13
-40
-89
-188
-288
-472
-664
-983
-1210
-1187
-1008
-780
-715
-732
-830
-852
-664
-644
-523
-564
-636
-730
-674
-445
-340
-192
-175
-353
-538
-842
-1057
-1279
-1312
-1251
-1179
-953
-769
-588
-561
-631
-770
-996
-1105
-1277
-1318
-1096
-837
-527
-149
523
1152
1646
1947
1957
2034
2160
2276
2393
2273
2330
2024
1869
1781
1661
1764
1612
1725
1457
1560
1655
1564
1650
1485
1378
1218
1040
947
744
727
650
526
610
458
474
505
526
664
500
455
173
-81
-150
-471
-426
-539
-559
-591
-687
-590
-829
-823
-1007
-1133
-1104
-1220
-1300
-1455
-1463
-1513
-1769
-2004
-2344
-2708
-2863
-3064
-3139
-3303
-3452
-3487
-3533
-3267
-3053
-2923
-3112
-3370
-3548
-3880
-4056
-4218
-4296
-3747
-2186
-840
803
1907
2803
3481
3996
4733
4552
4593
4593
4093
4099
4110
4032
3602
2787
1912
877
703
871
780
752
447
476
1233
1702
2054
1918
1733
1714
1724
2204
2113
2431
2434
2068
2000
1575
1385
1021
689
430
106
281
-47
-9
284
388
742
721
573
183
-18
129
-147
-232
-149
-48
241
235
81
-344
-673
-741
-924
-812
-633
-626
-365
-246
-72
-234
-619
-1195
-2039
-2371
-2588
-2660
-2772
-2993
-3311
-3653
-3735
-3912
-4245
-4456
-4692
-4907
-4905
-4677
-4377
-4147
-4001
-4122
-4485
-4427
-3416
-1924
-221
1282
2313
3014
3657
4672
5406
5743
5573
4426
3482
3084
3062
3000
2362
1638
508
-61
407
855
1346
1083
870
888
1162
1789
1974
2114
1833
1647
1812
2011
2394
2425
2303
1967
1507
1454
1557
1661
1557
1278
890
402
238
301
367
365
127
-191
-257
-30
588
812
820
425
-18
2
13
135
-171
-522
-809
-892
-569
-329
-33
55
33
-102
-367
-671
-1064
-1330
-1526
-1625
-1736
-1890
-1976
-1931
-1970
-2120
-2554
-3195
-3825
-4331
-4479
-4532
-4516
-4592
-4663
-4607
-4650
-4447
-4570
-4773
-4785
-4093
-2788
-1095
608
1889
2700
3189
3850
4585
5273
5672
5315
4805
4249
4230
4227
3613
2792
1167
149
-171
165
415
190
293
317
793
1364
1777
1810
1662
1689
1868
2086
2290
2293
2150
2259
2098
1873
1547
1303
1324
1295
1322
964
588
462
364
673
570
243
-187
-493
-207
61
308
181
23
-51
-154
40
-52
-233
-495
-571
-465
-385
-349
-322
-204
-79
-90
-190
-466
-773
-1067
-1296
-1394
-1542
-1662
-1686
-1688
-1732
-1911
-2104
-2437
-2861
-3183
-3669
-4001
-4281
-4420
-4498
-4582
-4483
-4608
-4699
-4870
-4902
-4598
-3724
-2458
-853
364
1531
2364
3149
4129
4865
5448
5489
5343
5125
4870
4708
4018
3215
2415
1498
779
240
-33
-171
-213
162
420
556
740
1013
1456
1663
1994
2120
2009
2089
2051
2289
2245
2022
1779
1511
1518
1386
1400
1271
971
878
635
629
555
537
500
260
35
-224
-352
-355
-268
-250
-457
-704
-850
-860
-664
-482
-291
-192
-149
38
228
320
87
-336
-760
-1137
-1145
-1080
-1025
-1072
-1180
-1274
-1334
-1318
-1528
-1767
-2131
-2452
-2789
-3146
-3409
-3743
-3951
-4159
-4273
-4402
-4473
-4282
-4121
-3809
-3927
-4053
-3848
-3326
-1873
-385
912
1494
1828
2546
3524
4958
5652
5776
5409
4944
4882
4763
4340
3341
2255
1060
299
-13
-237
-314
-128
189
436
660
822
1187
1650
1954
2160
2018
1725
1512
1722
1869
1807
1378
916
732
751
1142
1385
1450
1211
1140
1080
870
769
579
421
181
-75
-343
-561
-588
-509
-505
-653
-884
-918
-749
-422
-84
17
-11
-117
-81
-80
-247
-446
-733
-904
-932
-902
-909
-1151
-1267
-1412
-1390
-1532
-1778
-2024
-2349
-2474
-2779
-2985
-3354
-3602
-3704
-3747
-3816
-4025
-4174
-4011
-3676
-3502
-3568
-4011
-3811
-3177
-1373
-56
887
1387
1644
2317
3118
4456
4847
5024
4943
4649
4707
4613
4253
3473
2641
1676
667
312
-123
-123
206
361
316
254
597
713
1365
1843
1870
1718
1597
1684
1698
1809
1540
1166
805
557
442
497
659
818
978
1141
1172
979
844
832
766
579
335
-54
-313
-478
-535
-765
-847
-1054
-1070
-768
-559
-375
-245
-119
-108
148
250
51
-229
-549
-848
-1029
-1081
-1173
-1315
-1545
-1708
-1777
-1820
-1885
-1919
-2093
-2496
-2805
-3088
-3177
-3155
-3136
-3270
-3511
-3708
-3864
-3754
-3661
-3774
-3738
-3848
-3502
-2614
-940
239
1123
1367
1528
2048
2923
4221
4718
4909
4712
4517
4914
4745
4619
3604
2647
1700
685
558
22
275
189
189
-12
-344
158
162
917
1334
1468
1464
1341
1727
1915
2161
1863
1241
1052
582
730
766
935
945
909
1091
848
774
672
695
746
557
353
-152
-417
-390
-368
-493
-934
-1273
-1434
-1165
-811
-567
-429
-483
-462
-337
-140
-172
-248
-358
-508
-595
-771
-965
-1145
-1267
-1377
-1613
-1842
-2199
-2304
-2379
-2413
-2503
-2832
-2994
-3072
-2908
-2929
-2949
-3038
-3316
-3386
-3326
-3227
-3396
-3564
-3437
-3126
-1897
-805
104
690
1058
1736
2219
3558
4240
4308
4687
4593
4707
4564
4633
4214
3376
2947
1972
1266
843
371
162
192
123
-248
-285
-16
199
763
1211
1216
1133
1283
1477
1677
1845
1841
1544
1377
1271
1159
1248
1194
1176
931
568
186
80
434
520
372
120
-129
-178
-83
192
17
-375
-652
-828
-723
-639
-535
-606
-673
-740
-765
-505
-470
-550
-686
-894
-1049
-1016
-822
-766
-789
-845
-1168
-1394
-1708
-1990
-2299
-2700
-3127
-3396
-3500
-3446
-3381
-3338
-3285
-3479
-3596
-3499
-3459
-3241
-3367
-3250
-3180
-2285
-676
115
1180
937
1090
1381
2356
3973
4013
4786
4357
4623
5082
4700
4844
3869
3471
2370
1776
1575
689
713
434
269
-444
-894
-916
-778
-7
253
719
723
849
1341
1889
2454
2197
2032
1843
1678
1697
1713
1713
1462
1110
795
164
-164
-181
-21
43
-214
-604
-903
-636
-218
54
13
-400
-692
-561
-142
49
65
-216
-594
-725
-684
-622
-723
-805
-928
-1106
-1167
-1251
-1188
-1102
-1077
-1245
-1503
-1808
-1943
-1948
-1978
-2193
-2602
-2853
-2976
-3070
-2858
-3065
-3072
-3485
-3639
-3275
-3212
-3015
-3228
-3107
-2713
-1635
-472
438
1049
1117
1413
1941
2893
3666
4091
4257
4070
4441
4288
4422
4198
3511
2754
1860
1586
874
768
570
482
380
-100
-323
-433
-52
222
669
931
1020
1088
1318
1896
2012
2024
1799
1575
1446
1271
1486
1514
1508
1108
492
134
-87
-36
65
8
-246
-465
-560
-414
-258
-185
-298
-525
-509
-521
-341
-233
-205
-322
-609
-671
-855
-824
-743
-746
-803
-1037
-1220
-1300
-1154
-1040
-972
-1085
-1296
-1506
-1721
-1928
-2335
-2655
-2948
-3072
-3044
-3026
-3147
-3249
-3043
-3300
-2951
-3093
-3227
-3326
-3400
-2727
-2054
-713
15
673
929
1058
1582
2170
3227
3587
4190
4323
4252
4611
4277
4477
3940
3333
2735
1721
1584
892
982
730
334
19
-639
-507
-519
-127
234
465
758
716
1118
1405
1770
1986
1947
1972
1663
1557
1489
1571
1538
1243
894
214
34
-163
-173
-233
-392
-485
-733
-559
-418
-283
-231
-374
-316
-363
-373
-397
-323
-262
-284
-362
-520
-556
-752
-788
-910
-1054
-1205
-1399
-1181
-1071
-959
-1073
-1179
-1208
-1470
-1678
-2128
-2488
-2829
-2943
-2801
-2836
-2954
-3349
-3490
-3512
-3361
-3140
-3252
-3329
-3489
-3336
-2999
-1770
-687
94
823
798
1573
1781
2841
3863
4281
4533
3981
4458
4442
4520
4483
3737
2993
1898
1481
1002
821
650
239
220
-254
-316
-463
-11
554
691
964
885
1145
1365
1768
2070
2012
1790
1343
1189
1338
1421
1351
1311
1007
473
125
134
196
258
170
-192
-497
-591
-475
-256
-208
-404
-677
-756
-567
-372
-237
-282
-379
-463
-497
-398
-452
-548
-655
-922
-1062
-1281
-1340
-1241
-1212
-1160
-1358
-1508
-1742
-1876
-1981
-2240
-2627
-3050
-3142
-3116
-3089
-3129
-3348
-3453
-3422
-3233
-3218
-3439
-3736
-3721
-3404
-2339
-1045
-496
480
894
1698
2245
2701
3871
3936
4582
4681
4851
4905
4287
4508
3824
3263
2262
1391
972
324
494
214
154
-208
-528
-199
-199
337
541
1052
1317
1332
1729
1825
2151
2007
1909
1725
1302
1229
1123
1260
1184
1010
679
90
-74
-146
122
181
-22
-285
-567
-393
-264
-99
-288
-716
-944
-997
-697
-481
-403
-445
-529
-593
-535
-513
-420
-348
-503
-632
-960
-1056
-956
-876
-780
-1158
-1393
-1805
-2050
-2178
-2558
-2806
-3249
-3352
-3424
-3405
-3297
-3269
-3180
-3150
-3079
-3067
-3069
-3186
-3195
-3227
-3146
-2323
-1204
-261
696
1055
1504
2040
2804
3823
4307
4485
4292
4544
4902
4790
4584
4146
3291
2353
1612
1130
514
105
-6
-85
-248
-500
-366
126
619
1180
1324
1423
1470
1617
2111
2330
2351
1780
1448
1248
1147
1216
1006
931
543
388
211
217
368
282
292
-5
-176
-356
-343
-341
-408
-508
-883
-1038
-970
-809
-558
-520
-503
-465
-386
-273
-288
-330
-547
-753
-859
-1025
-988
-975
-1017
-1093
-1300
-1477
-1889
-2131
-2400
-2665
-2883
-3182
-3147
-3211
-3336
-3493
-3455
-3558
-3651
-3596
-3726
-3806
-4018
-4016
-3740
-3241
-1702
-818
470
1022
1578
2579
3325
4807
5346
5682
5606
5376
5539
5047
4917
4182
3237
2207
1178
397
-365
-413
-557
-511
-701
-857
-649
-188
868
1326
1731
1842
1887
2065
2313
2614
2582
2282
1907
1402
1015
1028
971
931
578
43
-312
-489
-128
-12
96
5
-211
-11
93
157
-10
-290
-442
-454
-85
-25
-182
-268
-350
-198
-184
-385
-843
-1326
-1279
-1147
-840
-768
-937
-991
-1141
-1047
-1229
-1473
-1803
-2093
-2300
-2712
-2999
-3307
-3453
-3557
-3776
-4028
-4362
-4442
-4195
-3835
-3626
-3698
-4071
-4526
-4368
-3807
-2083
-844
330
1171
1488
2882
3870
5490
6275
6017
6003
5202
5324
5331
4899
4234
3007
1892
678
76
-201
-416
-428
-278
-382
-353
160
754
1815
2282
2465
2204
2015
2178
2115
2232
1856
1461
865
635
806
893
1243
1097
963
652
447
421
322
526
386
226
131
-22
-112
-294
-460
-656
-685
-632
-507
-165
-15
55
47
174
104
-149
-321
-758
-918
-1142
-1351
-1359
-1496
-1399
-1417
-1407
-1494
-1674
-1757
-1914
-2070
-2442
-2872
-3222
-3432
-3498
-3632
-3999
-4421
-4643
-4731
-4559
-4266
-4229
-4477
-4922
-4758
-4282
-2527
-926
570
2016
2343
3457
4252
5648
6977
7037
6756
5705
5190
5182
4456
3846
2156
629
-359
-994
-849
-1086
-839
-183
332
743
803
1358
2131
2710
2996
2527
2261
1912
1975
2047
1847
1503
965
839
686
1014
1064
1087
998
818
797
369
201
-73
-229
-351
-501
-372
-725
-721
-558
-308
23
11
104
172
516
780
650
328
-122
-362
-459
-392
-254
-581
-961
-1549
-1759
-1807
-1661
-1445
-1645
-1751
-1989
-1944
-1926
-2136
-2408
-3105
-3565
-4029
-4109
-4169
-4378
-4366
-4772
-4936
-5176
-5098
-4992
-5293
-4990
-4453
-2979
-964
610
2548
2970
4140
5134
5772
7158
6962
7120
5883
5152
4601
3256
2839
1133
393
-605
-1367
-772
-811
220
457
1359
1713
1479
2384
2328
2983
2695
2569
2173
1441
1549
1039
1312
1079
1025
988
764
1302
1158
1468
1404
1205
1047
266
203
-233
-204
-241
-688
-652
-684
-328
-172
147
451
400
524
484
454
363
380
386
56
-295
-912
-1286
-1366
-1213
-896
-867
-841
-1098
-1241
-1401
-1530
-1492
-1700
-1950
-2265
-2518
-2717
-2758
-2849
-3170
-3638
-4202
-4624
-4670
-4497
-4610
-4782
-5074
-5331
-5448
-5664
-5213
-4304
-2935
-830
703
2821
3715
4849
6099
6874
8334
7795
7160
5708
4400
4127
2653
1893
74
-1177
-1625
-2004
-946
-838
44
656
1507
2435
2263
3029
3114
3326
3054
2664
2479
1708
1766
1533
1489
1224
875
813
576
1123
1053
910
772
543
523
19
54
-206
-162
-13
-314
-229
-207
55
49
183
286
5
85
287
433
337
309
130
-285
-486
-705
-996
-1366
-1286
-968
-727
-271
-468
-994
-1353
-1445
-1477
-1743
-2049
-2494
-2739
-2740
-2763
-2925
-3082
-3460
-4043
-4517
-4938
-5068
-5050
-4945
-5032
-5614
-5971
-6388
-6076
-4959
-3715
-1457
463
3421
5084
6291
7649
7753
8661
8096
7109
5150
3358
2690
954
541
-359
-1117
-1357
-1237
-381
-255
1313
2083
2658
2973
2693
2859
2435
2885
2288
1954
1934
1373
1548
1355
1921
1950
1645
1549
806
876
593
564
563
179
347
-166
-177
-159
22
300
-21
-99
-591
-626
-293
-124
264
223
358
516
1138
1878
1889
1924
1160
273
-685
-1346
-1561
-1967
-1934
-2399
-2854
-2628
-2003
-1052
-649
-501
-821
-1315
-1432
-1703
-2281
-3222
-4140
-4815
-5441
-5639
-5795
-5675
-5545
-5531
-5496
-5646
-5566
-5946
-6295
-5332
-4082
-2393
-91
2522
4849
5856
7617
8277
8884
9461
8481
6314
4111
2922
1138
138
-801
-2311
-3123
-2307
-1144
-404
1262
2115
2662
3472
3907
3435
3033
3229
2147
1883
2428
2271
1757
1916
2388
1771
1811
1476
612
144
23
-290
-780
-113
227
354
785
850
664
704
1032
596
71
-408
-1131
-1243
-483
444
542
967
1197
1277
1653
1714
1210
201
-220
-868
-1726
-1997
-2121
-2287
-2248
-2317
-2406
-1975
-1160
-636
-611
-637
-863
-1183
-1133
-1554
-2280
-2952
-3642
-4294
-4789
-4928
-5538
-6173
-6888
-7367
-7481
-7415
-7470
-7909
-7104
-4872
-3068
40
2757
5956
7993
9021
10063
8871
9157
7591
5262
3275
1227
656
-926
-65
-554
-1163
-210
-361
654
521
1569
1408
1552
2740
1931
2868
3213
3648
3676
3956
4499
3134
3269
2448
1567
1024
-141
-771
-1549
-748
-732
-436
612
609
1237
1297
1612
1168
751
634
-166
-80
-572
-816
-624
-124
751
929
1577
1639
1613
1683
1277
853
-315
-1170
-1837
-2251
-2221
-2419
-1886
-1494
-1082
-946
-999
-629
-785
-712
-1225
-1917
-2530
-3093
-3036
-3487
-3818
-4575
-5322
-5779
-6195
-6211
-6650
-7082
-7338
-7716
-7875
-8432
-7238
-4003
-1532
1603
3369
6317
7598
8528
9964
9121
9357
7330
5391
3026
1588
1518
-198
-137
-1564
-2272
-2193
-1357
158
286
1361
1161
1960
3125
3635
4715
4827
4805
3638
3870
3994
2990
2354
1101
363
-397
-245
-551
-722
-200
-184
236
587
1081
988
952
1085
652
645
335
485
823
904
660
66
434
453
736
862
441
-103
-700
-443
-711
-664
-574
-760
-651
-708
-740
-1135
-1224
-1562
-1804
-1588
-1636
-1398
-1279
-666
-698
-832
-1311
-2399
-3025
-3854
-4476
-5256
-5680
-6128
-6584
-6550
-6835
-6927
-7325
-7670
-8016
-8517
-6847
-3454
-733
1937
4452
8383
9207
9339
9711
8853
8222
5846
4564
2162
1018
612
-609
-220
-1167
-1651
-1958
-1070
31
-79
1349
1757
2750
3683
4268
4943
4565
4771
3553
3451
3457
2172
1284
224
318
-491
-580
-386
-329
154
108
638
976
1336
1248
1117
1248
975
585
507
608
652
614
670
408
70
33
38
89
237
309
-249
-474
-690
-906
-1276
-1012
-354
-397
172
-61
-247
-725
-1248
-1257
-1576
-1139
-1404
-1213
-882
-958
-1037
-1725
-2391
-3580
-4299
-4548
-5170
-5344
-5895
-6278
-6732
-6907
-7100
-7762
-7938
-8676
-8857
-6332
-2866
682
3528
5881
8339
8610
9396
8509
7958
7479
5360
4109
2487
1970
682
31
-296
-2007
-2416
-2875
-2052
-890
190
1635
2314
3844
4414
4991
5452
4908
4199
3343
2820
2454
1871
1293
391
-179
-160
-526
-569
-484
-352
-15
103
977
1503
1659
1746
1515
1782
1347
1248
1140
660
595
-94
-122
-311
-355
-396
-576
140
332
342
223
-229
-358
-523
-158
-46
62
-252
-881
-1202
-1403
-1516
-1566
-1210
-1167
-1165
-1205
-1095
-1333
-1712
-2175
-2863
-3499
-4269
-4620
-5143
-5527
-6298
-6915
-7304
-7965
-7890
-8065
-8119
-8656
-7061
-2827
72
3716
5869
7420
6945
6409
7999
7283
6776
5332
4252
4254
2600
2412
1124
192
-1342
-3139
-2230
-2278
-1260
-2
1303
2807
3028
3684
3984
3967
3950
3065
3181
3018
2723
3164
2723
2176
1036
89
-395
-815
-679
-735
-596
256
596
1274
1889
1881
1674
1003
1011
688
667
509
239
362
151
227
194
-11
-94
377
977
920
176
-578
-1081
-1268
-1335
-1353
-804
-601
-258
-71
206
-173
-1299
-2017
-2225
-1729
-1142
-665
-109
27
-431
-1185
-2160
-3354
-4674
-5436
-5765
-5837
-6032
-6197
-6232
-6084
-6916
-7410
-8037
-8956
-9176
-6852
-1928
1224
4616
6456
7629
6432
6779
6070
5707
5833
4245
4377
4501
5878
3012
1718
721
-1874
-3169
-3585
-2153
-1692
582
1705
2902
4606
3899
3028
2710
2888
2309
2038
3445
3305
4278
3449
2812
2154
727
-449
-1415
-503
-854
-451
610
1399
2161
2061
1505
698
399
-34
-63
811
1436
1436
1325
1092
550
42
-79
187
170
246
506
567
900
360
-293
-949
-1293
-1268
-1330
-1153
-1336
-1756
-1781
-1701
-1625
-1329
-1245
-965
-887
-743
-1141
-1894
-2692
-3984
-5028
-5661
-6183
-6552
-6909
-6969
-7127
-7128
-7770
-8998
-9835
-10410
-6346
-2276
1429
3205
3679
6519
5588
7400
7174
6766
6946
5832
7502
6439
5965
4953
1383
-103
-2182
-2435
-2381
-2883
-1348
-485
1527
2010
1859
2377
1830
1820
2438
3453
4065
4151
4461
4538
3863
3470
2084
975
-75
-105
584
666
809
965
527
540
270
259
-109
-218
137
425
1298
1534
1232
762
229
-36
-224
165
1177
1472
1616
1079
535
-84
-919
-791
-1078
-955
-632
-209
-495
-1194
-1893
-2738
-2737
-2802
-2089
-1259
-513
-142
-154
-409
-1644
-2971
-4256
-5073
-5370
-5513
-5529
-5450
-5754
-6422
-6747
-7792
-8920
-9549
-9545
-7138
-2969
-550
2534
3336
5304
4118
4241
5752
4316
5680
6249
8432
7682
6588
6145
3382
1555
438
-994
-1053
-1007
-189
793
1262
1171
248
52
-119
-187
489
2122
2254
3476
3839
4283
3317
2396
2349
1549
1777
1490
2103
2354
1811
2019
1580
905
-335
-643
-266
-291
149
590
713
43
-242
-425
-12
-471
-1178
230
942
1258
1933
818
1594
485
-949
-2
40
370
274
-49
-38
-662
-1743
-2679
-2759
-3086
-2110
-1466
-1299
-1181
-1396
-1753
-2787
-3993
-4553
-4927
-4969
-4983
-4985
-5129
-5664
-6118
-6174
-6513
-7539
-8187
-8529
-7591
-3979
-2777
86
944
2491
3423
3005
4235
3526
4753
5981
7357
8748
8233
6935
6043
4626
3400
1720
1531
931
897
1432
1788
1110
-142
-465
-1263
-964
-986
-296
80
733
1543
2006
2142
1526
1476
1439
1724
2004
2277
2750
2549
3020
2812
2339
1359
731
682
216
344
11
-41
-242
-286
132
-536
-747
-1327
-1117
-999
-652
277
28
332
10
-145
-167
-837
-553
-458
-121
234
136
-169
-916
-1387
-1785
-1925
-2149
-1928
-1651
-1556
-1520
-1738
-2298
-3086
-3694
-4152
-4371
-4507
-4315
-3893
-3772
-3733
-3913
-4082
-4229
-4415
-4246
-4452
-3879
-2187
-1609
-154
296
694
1203
942
1830
1654
2229
3121
3387
4150
4527
4390
4140
3542
3175
2726
2653
2461
2542
2637
2478
2597
1996
1894
1109
638
629
414
606
589
687
846
596
584
351
170
-29
-118
12
48
310
197
273
384
340
444
136
98
175
342
405
664
904
904
857
575
319
387
112
488
81
85
-225
71
-18
-76
-320
-147
-226
-254
-216
-379
-248
-368
-230
-365
-375
-511
-576
-601
-623
-512
-724
-513
-493
-435
-364
-391
-241
-262
-83
-98
28
265
148
177
153
204
220
101
91
20
40
-74
-101
-167
-226
-243
-295
-292
-262
-322
-229
-333
-271
-425
-402
-330
-465
-294
-385
-209
-265
-117
-170
-248
-226
448
-343
191
88
387
476
444
450
554
573
612
566
502
538
520
556
521
433
424
331
241
219
106
27
5
-14
-22
-64
-177
-185
-335
-432
-475
-545
-638
-645
-634
-643
-577
-568
-554
-551
-534
-452
-461
-422
-375
-281
-195
-156
-91
-138
-92
-91
-71
-103
-132
-99
-99
-57
-11
-76
-75
-102
-140
-127
-125
-132
-141
-120
-95
-79
-87
-128
-148
-182
-183
-229
-262
-245
-269
-250
-238
-259
-279
-318
-288
-288
-286
-317
-349
-330
-311
-275
-266
-272
-310
-288
-266
-234
-207
-192
-176
-153
-103
-51
16
48
97
130
178
224
273
295
324
352
384
408
450
483
494
500
509
499
475
448
410
411
393
364
312
254
198
132
76
-11
-88
-128
-151
-208
-207
-229
-258
-278
-307
-334
-364
-383
-401
-394
-351
-346
-342
-326
-348
-326
-318
-350
-319
-323
-286
-252
-205
-172
-169
-136
-151
-130
-124
-91
-58
-62
-18
6
23
44
45
35
-12
-18
-44
-61
-51
-45
-52
-58
-79
-60
-55
-84
-108
-141
-144
-126
-122
-135
-132
-157
-201
-210
-218
-234
-240
-275
-264
-254
-212
-211
-184
-139
-108
-92
-49
-38
-5
6
45
75
114
128
152
160
187
198
195
222
191
212
244
247
281
251
222
215
215
187
184
168
173
184
161
179
200
193
184
182
158
148
125
106
90
79
65
46
17
6
-24
-34
-67
-93
-94
-111
-114
-112
-119
-108
-118
-116
-128
-127
-122
-108
-96
-92
-82
-76
-54
-23
-21
-17
-5
-8
-18
-15
12
-13
1
2
16
14
38
55
23
40
16
25
47
26
37
12
3
-24
-72
-67
-89
-98
-85
-96
-80
-72
-50
-15
1
9
13
41
63
94
122
137
119
146
153
152
159
145
144
128
121
130
119
124
120
109
102
88
84
86
79
86
89
112
97
109
119
137
152
143
148
161
160
155
156
145
150
137
120
130
133
147
126
116
114
111
115
124
122
132
106
121
122
121
103
111
80
97
97
95
97
78
102
68
74
53
21
3
-41
-39
-36
-41
-29
-37
-17
-26
-38
-32
-34
-28
-7
2
3
-14
10
-26
-24
-46
-47
-31
-32
10
56
94
117
153
189
198
211
221
228
240
245
277
268
267
251
233
212
168
148
120
115
91
82
76
61
67
41
33
38
23
36
51
38
72
74
79
101
104
115
112
122
137
131
141
141
145
135
128
127
115
112
124
120
107
92
115
120
111
130
136
133
119
122
127
129
129
137
123
122
129
128
128
105
103
85
61
57
34
19
17
21
42
37
55
43
22
26
8
3
-7
-11
-17
-40
-33
-46
-62
-54
-91
-69
-78
-53
-23
12
43
55
105
113
136
154
173
184
206
231
225
229
223
204
185
155
148
122
94
74
60
63
55
38
23
16
10
-3
9
10
15
19
18
50
43
48
60
75
78
92
103
98
101
68
70
57
64
53
62
54
55
50
54
53
31
35
45
49
71
63
71
69
61
52
55
62
37
51
44
49
41
33
13
-2
-15
-31
-41
-41
-41
-24
-10
-11
-7
1
-13
-5
-8
-11
-21
-4
12
1
-7
-6
-33
-42
-55
-63
-54
-61
-52
-32
-15
-20
0
12
24
36
36
58
68
76
73
103
82
69
81
57
39
39
34
41
27
11
4
3
-7
-26
-20
-36
-34
-25
-22
-29
-14
-9
4
-5
-1
3
4
23
17
24
21
2
2
-10
-14
-24
-23
-25
-37
-37
-28
-43
-36
-28
-29
-34
-11
-19
-10
2
2
30
23
37
41
22
26
21
20
27
14
2
-3
-24
-23
-26
-26
-23
-31
-22
-28
-34
-30
-22
-41
-41
-32
-49
-56
-44
-30
-33
-51
-50
-64
-63
-57
-58
-50
-47
-17
-23
-11
-14
13
8
5
22
32
44
49
41
33
43
32
26
29
16
-8
8
-5
-18
-13
-28
-37
-32
-54
-41
-62
-53
-56
-60
-41
-39
-9
8
-7
27
-11
66
32
22
59
9
76
30
-8
8
-16
-33
-15
-24
-32
-27
-31
-30
-38
-39
-21
-29
-44
-37
-23
-22
-4
9
-7
-6
0
-3
-33
-8
-22
-29
-31
-34
-51
-63
-52
-56
-54
-73
-88
-88
-85
-57
-62
-72
-43
-67
-29
-77
195
132
-225
80
-82
-2
-49
-49
-50
-68
-41
-50
-25
-32
-16
-54
-13
-48
20
-77
64
-57
17
4
-5
42
-35
42
-32
13
-16
27
-25
-11
-1
-38
-34
-31
-44
-32
-21
-59
-1
-23
27
15
7
72
22
168
94
285
243
527
457
881
677
2314
3175
1268
1116
-357
428
-764
-229
-812
-499
-1113
-611
-943
179
181
-1702
-527
138
465
-200
1208
-690
80
-927
926
361
-514
1208
1142
1055
1009
1862
1585
419
-498
1388
993
930
121
829
568
49
-249
451
-641
-823
364
1088
-25
-89
-1183
-551
131
-1452
-78
859
-863
-211
584
589
-831
-396
-93
242
769
1198
660
-419
-755
116
153
-262
-377
94
-407
54
560
-269
-68
-694
-639
-397
-51
-36
-297
-201
-550
108
-1176
57
-953
-497
51
-61
426
297
-545
-258
-749
-450
391
-459
-263
16
-334
286
-482
-609
-328
-641
37
195
-241
-296
-486
-671
-577
-325
-137
-327
-251
-450
-170
-109
-137
-778
-648
30
79
-261
-567
168
-1006
-599
-721
-373
-1090
-686
-695
-712
-604
-800
-748
-906
-1256
-1130
-620
-556
-910
-922
-642
-813
-1153
-891
-905
-1151
-919
-1008
-664
-842
-1458
-1295
-1281
-915
-853
-943
-979
-1046
-1076
-1049
-811
-761
-1076
-739
-655
-535
-420
-488
-487
-671
-255
132
-198
-203
-281
172
322
511
346
488
395
702
647
815
779
517
812
777
927
1054
995
985
936
834
975
603
561
732
482
491
337
229
-235
-184
-186
-20
-314
-131
-322
-210
-480
-458
-538
-456
-467
-240
-103
-59
-100
-206
-315
-191
-140
110
73
37
31
-2
-199
-291
-672
-691
-901
-979
-949
-1298
-1781
-2505
-2683
-3233
-3258
-3569
-3517
-3737
-4268
-4004
-4861
-4832
-5612
-5575
-5725
-3739
-2998
-1568
-1070
-368
285
-195
2150
2353
3923
3909
6195
5949
7105
6627
6149
6260
6076
6483
6681
6698
6212
4977
4139
4232
2479
2177
1461
889
677
-306
-597
-1804
-2796
-2840
-3130
-2488
-2282
-2632
-2263
-2411
-1936
-1810
-1447
-389
191
1155
2119
2573
2685
2729
3245
3330
4133
3927
4437
4045
4112
3787
3357
2638
1671
1218
1338
1472
791
372
-648
-1091
-1624
-1277
-1646
-1578
-2117
-1910
-1634
-1635
-1525
-1767
-1506
-1101
-510
102
297
301
937
743
1318
992
747
374
364
611
408
-85
-973
-1757
-2521
-3248
-4342
-4926
-5249
-5867
-6688
-7511
-9088
-10097
-9595
-3387
-3198
-2578
-3987
-3110
-795
-800
4331
5057
5200
5943
8417
9677
10277
8586
7302
8401
9152
10082
10160
8866
6149
2968
4903
6415
1313
209
1231
-287
-1332
-2910
-3299
-4907
-5927
-6339
-4122
-3021
-3732
-5903
-5369
-3075
-2608
-2021
-74
90
1325
1757
3812
3923
3691
3269
4898
6159
7310
5640
5189
4705
3858
3553
3601
3321
1424
501
531
289
-1356
-2380
-2618
-2753
-2569
-2682
-2290
-3101
-3617
-3535
-2396
-2038
-1908
-1625
-854
-312
-397
93
86
561
908
1857
2613
2341
1579
1513
1543
1783
1333
2264
1938
1258
122
-997
-1265
-2439
-2383
-2554
-2909
-3767
-4609
-4889
-5774
-6629
-7859
-8036
-7778
-7904
-8453
-9214
-11030
-8935
-3713
-1370
-1052
-1882
-1903
875
1453
6508
8027
6679
8769
8259
11216
10508
8505
6865
7244
8591
8537
8315
6549
3228
974
1518
1959
701
-1028
-2005
-3023
-2764
-3202
-4806
-5214
-5590
-4864
-2926
-1974
-2919
-3998
-3501
-1851
-214
1252
1766
1782
2228
3521
3998
4212
3981
3247
4783
5676
5374
3920
2204
1436
1048
1619
1782
550
-849
-1433
-2051
-1721
-2321
-2865
-3139
-2143
-1526
-1345
-1935
-2596
-2630
-1778
-590
380
303
5
-362
36
445
481
422
550
944
1383
1417
902
-90
-644
-554
-102
-123
-398
-1230
-1058
-1208
-1533
-1848
-3071
-2846
-3066
-2950
-3357
-4289
-4891
-4636
-5053
-5208
-6265
-7311
-7044
-8107
-8361
-9878
-11023
-5666
-2623
-653
-1902
-3257
-744
-1207
3029
7017
6286
7560
6441
9042
9234
8778
7075
6070
7445
8499
7457
7368
4401
2160
652
2430
2145
714
-1414
-2220
-3131
-2541
-3574
-4657
-5356
-4455
-4106
-2412
-2618
-3608
-4469
-2998
-1067
737
1168
1434
1102
1805
3061
3905
3977
3604
3602
4414
4882
4038
2538
1606
1274
1543
1733
960
-368
-1845
-2174
-2009
-1952
-2442
-2951
-3058
-2305
-1961
-1877
-2177
-2079
-1762
-729
114
322
244
-33
292
801
1129
1205
702
791
1043
1204
838
228
-351
-629
-255
-220
-433
-1084
-1616
-1595
-1569
-1822
-2352
-2880
-3183
-3518
-3576
-3884
-3894
-4510
-4728
-5045
-5221
-5871
-7282
-7963
-7820
-8074
-8124
-9438
-8801
-4337
-2781
-1105
-3484
-2319
-184
1093
5059
7030
6877
7139
6850
8666
8698
8564
7569
6584
7763
7861
6901
5115
3379
2051
1154
2284
1627
-105
-1544
-2720
-3568
-3256
-3781
-4153
-4791
-3520
-3351
-3339
-3405
-3612
-2896
-1940
75
1275
1502
1568
1453
2180
4159
4074
4679
4283
3949
4307
3219
3390
2059
1596
1667
1498
1423
459
-976
-2027
-2005
-1861
-1299
-1637
-1830
-2085
-2261
-1647
-1462
-1367
-1141
-788
-104
595
765
416
8
179
699
1322
1408
1107
552
49
-16
-85
-22
-195
20
-100
-375
-762
-1541
-1247
-1278
-581
-532
-1109
-1350
-2042
-2127
-2261
-2345
-2298
-2910
-2961
-2949
-3040
-3822
-5296
-6145
-6660
-6304
-6355
-7025
-7876
-9167
-9188
-4920
-2460
-543
-1761
-1561
270
414
3481
5625
7633
8711
7769
8158
7916
8043
6710
6924
7688
8354
7068
5817
4121
2470
1457
1033
1290
742
-217
-1648
-2822
-2930
-3886
-3960
-3591
-2544
-2249
-2441
-2157
-2292
-2139
-1233
-104
1765
2447
2703
2940
2781
3522
3288
3985
4662
4689
4658
3919
2890
2004
1309
1064
1431
1185
785
-326
-1745
-1832
-2173
-1877
-1389
-1356
-1017
-933
-1313
-1114
-1217
-733
-19
735
1458
1397
1031
675
812
1102
1403
1445
1198
947
927
322
-73
-102
-325
119
-158
-438
-1020
-1704
-1585
-1212
-849
-924
-1336
-1847
-2018
-2514
-2348
-2635
-2294
-2342
-2771
-2891
-3482
-3883
-4794
-5526
-5712
-5521
-5622
-5792
-7261
-8880
-9710
-6762
-2259
16
101
-2224
-1745
99
3731
6484
7498
7444
7711
7663
8370
8831
6697
6499
6761
8351
8593
6410
4353
1616
1197
1741
2555
2027
344
-1646
-3243
-3226
-3018
-3050
-3118
-2718
-2461
-1859
-1994
-2141
-2056
-1224
181
1947
2522
3424
2850
2327
2769
3810
4373
5300
4165
4583
3680
3087
2268
1693
1505
1400
1119
631
-272
-1131
-2305
-1925
-2190
-1141
-841
-1135
-1257
-1443
-1379
-500
-68
386
718
737
1132
1585
1135
1038
621
1067
1570
1764
1336
755
109
-378
-37
250
225
-283
-1123
-1367
-1081
-1237
-885
-1024
-1026
-1179
-1664
-1881
-1976
-1905
-1536
-1728
-1773
-2359
-2791
-3018
-3596
-4007
-4945
-5391
-4680
-5186
-5490
-6699
-8128
-8481
-8708
-6786
-2912
-2055
-1945
-3249
-2325
267
3339
4869
5949
5784
6524
8471
8977
9127
7607
5999
7098
8080
8894
7535
4928
2675
2313
2047
2616
1733
149
-1413
-2647
-2941
-2736
-3229
-3504
-3839
-2799
-2357
-1737
-1749
-1927
-1577
102
1487
3236
3046
2785
2779
2974
4222
5006
4941
4833
3942
4103
3309
3225
1625
1476
1042
979
924
-477
-1531
-2496
-2578
-1514
-1233
-1306
-2036
-2253
-2019
-1046
-516
3
32
381
587
1357
1352
1395
1286
1194
1756
1979
1476
1116
190
206
250
133
118
-383
-992
-1291
-1395
-1334
-1477
-1573
-1401
-1010
-936
-1066
-1606
-2037
-2313
-1789
-1050
-801
-1202
-2224
-2710
-2878
-3004
-3347
-4080
-4541
-4524
-4735
-4856
-6384
-7920
-9107
-8872
-7609
-5858
-3194
-2913
-2390
-2318
-2188
1503
1990
6094
6050
5679
7200
6730
9297
8768
7158
7040
6459
7403
7167
5911
4593
3300
1857
2125
1627
1422
-302
-1775
-2485
-2730
-2499
-2874
-3057
-2571
-2663
-1976
-2286
-1643
-848
-673
460
1542
2400
2823
2463
2813
2974
4089
3910
4450
4119
3507
3409
2311
2241
1648
1251
1040
438
-182
-1180
-1649
-1736
-1418
-1371
-1677
-1852
-1677
-1273
-880
-665
-429
89
465
836
1291
1180
1001
1133
1239
1934
1734
1195
613
232
226
184
193
-152
-567
-953
-1434
-1132
-1152
-1364
-1520
-1463
-1296
-869
-1497
-1679
-1800
-1782
-1138
-1200
-1181
-1513
-1881
-1899
-2090
-2385
-2843
-2887
-3089
-3210
-3847
-5005
-5404
-5832
-5636
-5682
-7097
-7643
-8658
-6916
-4673
-3950
-1788
-2208
-617
-98
321
2551
4298
6812
7858
7271
7396
6700
6126
6625
7019
7353
7028
5259
4937
3305
2689
1800
1222
1415
212
-195
-1158
-2300
-2501
-3340
-2779
-2012
-1667
-1527
-1644
-1700
-1283
-1071
310
1414
2056
2272
2245
2888
2788
3020
3110
3475
4172
3710
3245
2236
1463
1237
896
1039
850
140
-820
-1699
-1695
-1607
-1268
-1416
-1366
-1195
-937
-1027
-849
-663
-85
643
1150
1428
1154
590
572
948
1466
1604
1332
846
481
6
-241
-512
-573
-560
-592
-835
-1085
-1428
-1664
-1796
-1600
-1426
-956
-973
-952
-1400
-1813
-1703
-1289
-971
-1079
-1252
-1581
-1665
-1857
-2343
-2362
-3279
-3319
-3597
-3925
-4139
-5053
-5792
-6416
-6790
-6866
-6802
-7377
-6874
-5295
-3869
-2727
-2564
-2075
384
1676
3586
4226
4426
5525
5874
7607
8148
7948
7113
5777
5782
6027
6079
5178
3896
2813
2243
1904
1376
-121
-1047
-2151
-2256
-1611
-1813
-2157
-2970
-3122
-2257
-1504
-603
-641
-290
-30
588
1648
2201
2671
2910
2808
3245
3501
3661
3021
2503
2587
2812
2925
2047
795
80
-632
-293
-205
-493
-995
-2032
-2008
-1864
-1111
-840
-993
-905
-860
-129
435
928
939
721
708
1108
1757
2043
1708
910
511
438
658
762
376
-101
-858
-1029
-916
-742
-855
-1240
-1631
-1630
-1513
-1424
-1357
-1476
-1456
-1282
-1247
-1029
-970
-1085
-1304
-1521
-1383
-1334
-1276
-1500
-2065
-2782
-3457
-3689
-3430
-3385
-3954
-5018
-5688
-5956
-5717
-6287
-6392
-6549
-6539
-4965
-4054
-2645
-2017
-1910
-674
344
2093
4280
5007
5228
5279
4756
6401
6858
7366
6956
5621
5171
4607
4344
4194
3418
2728
1753
1049
533
-7
-583
-1082
-1516
-1298
-1689
-1444
-1691
-1854
-1517
-1105
-372
472
80
549
466
1481
2057
2406
2649
2463
2338
2679
2391
2921
2383
2065
1661
1301
1286
875
680
165
-309
-597
-742
-452
-664
-753
-1307
-993
-882
-315
-254
-27
330
409
731
557
764
903
877
1137
1208
1085
937
402
88
-12
-163
-272
-576
-695
-882
-999
-1126
-1361
-1176
-1242
-1097
-943
-1161
-1214
-1269
-1230
-838
-826
-779
-901
-1106
-1198
-1449
-1154
-931
-1123
-1613
-2414
-2469
-2515
-2633
-3338
-3755
-4010
-4248
-4353
-5032
-5336
-5741
-6151
-5754
-5728
-5176
-4242
-4140
-2334
-2037
-336
920
1247
2054
2451
3665
5560
5964
5796
5649
5025
5611
5670
5400
5491
3803
3986
3048
2966
2626
1641
966
-78
-74
-57
-560
-966
-1846
-1883
-1716
-1209
-669
-466
-807
-704
-236
340
995
1025
1172
1695
1982
2544
2291
2129
1935
2113
2723
2727
2367
1554
875
930
908
1165
768
-118
-727
-945
-394
-152
-226
-731
-1032
-869
-290
120
363
169
90
274
785
1202
1265
809
522
400
692
761
727
237
-202
-253
-223
-184
-476
-992
-1129
-1087
-777
-692
-606
-918
-1052
-1100
-992
-719
-757
-897
-1006
-871
-706
-769
-1150
-1278
-1350
-1212
-1227
-1389
-1582
-1957
-2299
-2691
-2860
-3208
-3508
-3654
-3811
-3983
-4081
-4347
-4493
-4910
-5597
-4896
-4741
-3025
-3212
-2790
-2379
-1602
431
1181
2506
1545
2181
2225
3859
5603
6064
5783
4306
3895
3388
3958
4185
4411
3484
2795
1620
1628
1461
904
604
55
339
-58
-132
-640
-961
-869
-725
-267
220
307
149
35
-156
378
1220
1763
1984
1835
1731
1556
1758
1821
2149
2014
1859
1728
1209
1110
708
770
765
200
305
-382
-89
-234
-404
-28
-282
-141
-321
-445
14
167
564
504
410
378
430
651
789
690
647
403
443
492
134
-61
-463
-389
-458
-549
-658
-861
-941
-1098
-980
-907
-750
-682
-732
-798
-871
-769
-693
-614
-503
-470
-469
-739
-1184
-1233
-1419
-1191
-1297
-1369
-1538
-2032
-2238
-2542
-2709
-2617
-2899
-3001
-3389
-3721
-3942
-3862
-3512
-3353
-3495
-3794
-3792
-3530
-3033
-2271
-1579
-575
-863
-538
4
1338
2173
2424
2504
2989
3392
3668
3782
3557
3601
3175
3585
3814
3492
2956
1704
1416
1751
1421
1680
929
659
742
-321
172
-700
-146
98
107
536
147
-138
155
163
1102
1037
948
1078
852
1067
1009
1059
1754
1445
1798
1090
1080
1045
770
1347
1121
1176
773
134
155
-3
313
180
146
-26
57
-52
24
-152
70
196
482
757
731
480
217
93
534
902
1067
706
194
-170
-330
-101
220
204
20
-504
-678
-690
-589
-505
-673
-745
-721
-618
-518
-592
-716
-870
-911
-664
-502
-411
-558
-860
-913
-884
-865
-755
-988
-1191
-1326
-1407
-1261
-1477
-1792
-2247
-2663
-2644
-2508
-2457
-2680
-2929
-2948
-2673
-2648
-2959
-3192
-3126
-2685
-2442
-2478
-2537
-2055
-1576
-462
-395
-36
-133
-11
926
1627
2368
2419
1949
1917
1968
2856
3176
3383
3022
2564
2160
2155
2199
2255
2174
1699
1144
668
425
857
640
764
-54
-47
-150
347
656
772
601
472
465
920
1165
1304
970
577
611
988
1319
1624
1111
834
515
926
1280
1373
897
563
414
830
827
897
469
197
-182
-212
163
354
819
439
161
-88
-277
134
281
645
474
433
130
29
165
308
419
402
179
37
-83
-210
-136
-104
-130
-17
-147
-185
-517
-703
-681
-424
-166
-171
-201
-385
-372
-353
-341
-272
-257
-386
-436
-505
-522
-596
-780
-872
-909
-975
-979
-1134
-1176
-1323
-1598
-1640
-1859
-1913
-2040
-2096
-1907
-1943
-1897
-1925
-2005
-1950
-2219
-2221
-2090
-2288
-2014
-2158
-1891
-1534
-1622
-1041
-1274
-958
-764
-118
518
771
720
438
1071
1879
2407
1932
1271
1339
1645
2064
2209
1991
1535
1241
1317
2040
2483
1902
917
452
754
1578
1838
1389
485
-188
-170
698
1572
1463
706
-352
-477
247
1088
1389
1135
778
648
616
920
878
831
521
597
1058
1423
1059
221
-312
-42
671
1311
1265
732
-122
-596
-321
562
1079
1158
472
-56
-108
-44
233
344
358
380
193
235
159
81
49
123
430
623
572
336
52
-58
-35
171
299
317
73
-254
-328
-342
-292
-243
-253
-189
-92
-153
-271
-453
-509
-507
-444
-363
-388
-649
-936
-1071
-993
-938
-835
-846
-905
-999
-1153
-1253
-1420
-1393
-1351
-1180
-1273
-1590
-1931
-2151
-1928
-1449
-1160
-1316
-1760
-1988
-1577
-976
-736
-826
-1160
-1248
-1122
-657
-358
-146
-597
-704
-596
-206
243
171
282
247
607
998
1104
842
412
256
517
1477
1624
1640
761
377
542
1203
1939
1843
1257
593
584
1115
1494
1297
842
313
498
782
1276
1232
774
433
86
413
838
1151
1122
401
-64
-76
165
731
808
708
314
-47
84
383
932
896
753
575
469
602
398
495
411
539
606
483
445
106
12
-37
213
519
347
17
-159
-115
24
134
227
232
273
109
-7
65
-30
5
17
56
278
246
211
77
-88
-120
-179
-89
-18
-11
-88
-262
-373
-422
-431
-436
-449
-532
-594
-735
-795
-778
-831
-784
-838
-764
-727
-808
-794
-930
-888
-876
-918
-919
-1047
-1164
-1091
-1011
-951
-869
-1012
-1084
-1209
-1229
-1060
-987
-792
-905
-1001
-1132
-1140
-976
-760
-705
-907
-1004
-899
-349
62
356
468
83
120
35
173
498
490
895
811
739
476
78
308
512
719
965
1077
1161
984
916
799
934
1006
1182
1345
1306
924
350
-28
252
658
1460
1509
892
119
-508
-95
644
1219
1282
677
8
-275
-28
495
830
858
463
175
181
98
289
218
495
533
591
530
268
-7
-268
-58
374
802
825
451
196
-123
-66
133
330
577
338
169
30
-75
-48
-135
84
167
334
203
-126
-304
-343
-199
32
307
306
93
-243
-491
-369
-182
52
84
-17
-209
-503
-642
-624
-554
-460
-421
-392
-470
-646
-885
-897
-820
-666
-586
-547
-558
-614
-714
-698
-648
-623
-598
-655
-539
-425
-521
-598
-848
-819
-704
-614
-580
-633
-650
-758
-735
-689
-617
-426
-239
-307
-275
-628
-584
-399
-265
122
-115
-249
-517
-663
-430
-301
83
266
362
359
138
140
347
508
759
895
1036
1001
679
323
212
415
555
661
841
632
698
277
314
527
731
1075
805
530
156
160
424
440
569
249
56
-45
23
373
371
341
61
58
326
470
553
451
333
297
407
644
728
526
236
71
160
315
346
322
230
175
126
1
32
-43
12
4
164
155
64
-57
-244
-165
-75
72
226
148
0
-250
-234
-94
42
157
76
86
-30
-180
-247
-272
-129
-90
-110
-181
-301
-390
-444
-431
-292
-284
-207
-320
-368
-424
-527
-444
-429
-381
-388
-418
-423
-575
-657
-675
-487
-266
-223
-293
-562
-685
-630
-494
-357
-442
-564
-748
-769
-761
-786
-825
-872
-833
-618
-586
-417
-473
-447
-320
-176
168
131
70
-58
-252
-124
-26
119
314
277
351
356
421
558
425
768
831
874
743
391
512
498
556
579
370
303
129
197
467
697
870
694
713
581
553
552
516
535
488
534
515
489
320
123
-20
29
245
433
554
389
229
72
228
394
434
286
-15
-100
28
244
377
360
214
33
15
132
252
174
127
114
129
216
145
42
-46
-171
-162
-59
-28
-59
-214
-276
-185
-127
-88
-138
-215
-241
-208
-165
-179
-190
-305
-308
-340
-370
-414
-539
-543
-556
-466
-354
-350
-365
-465
-475
-414
-325
-217
-224
-212
-328
-422
-418
-465
-452
-551
-537
-513
-483
-474
-558
-580
-616
-497
-368
-273
-228
-313
-280
-341
-374
-307
-324
-121
-35
86
130
28
18
-56
139
344
435
594
497
445
287
371
536
634
685
503
418
209
168
252
359
456
380
193
239
340
428
418
230
330
318
479
538
550
431
167
138
253
436
528
369
254
174
76
203
366
603
499
252
46
2
177
246
340
204
105
41
21
123
123
74
-21
-19
74
129
-2
-108
-213
-170
-68
48
9
-170
-341
-338
-100
95
103
-93
-272
-305
-188
-59
-32
-197
-382
-419
-361
-200
-219
-313
-451
-501
-326
-172
-35
-121
-304
-436
-484
-329
-223
-192
-242
-339
-362
-410
-441
-449
-370
-227
-157
-141
-202
-238
-245
-224
-134
-38
13
-72
-186
-248
-254
-203
-187
-102
-59
-68
-26
-41
-24
52
135
370
400
398
230
142
225
287
335
230
187
94
41
159
323
437
330
126
99
252
432
437
425
340
280
249
232
255
294
196
161
84
72
178
126
185
228
260
280
205
169
161
170
234
276
298
173
115
85
91
166
32
-8
-44
-13
-18
-83
-55
-89
-88
-19
41
114
59
-43
-100
-78
52
93
91
-9
-188
-205
-224
-87
-17
-83
-122
-239
-262
-200
-197
-119
-135
-162
-202
-249
-292
-346
-358
-321
-192
-128
-160
-271
-378
-357
-274
-119
-67
-60
-113
-231
-277
-240
-150
-59
-53
-80
-155
-221
-267
-244
-182
-82
-21
-80
-142
-200
-199
-108
-67
-11
4
-14
-101
-78
-77
62
127
154
195
110
174
106
71
38
-25
90
175
227
134
-40
-135
-94
67
214
277
300
171
122
68
130
187
141
129
40
28
19
-24
-7
-1
47
90
117
125
133
26
16
34
108
147
89
61
9
18
18
47
79
103
75
68
77
65
118
99
149
136
57
-19
-121
-140
-77
-48
-75
-150
-212
-258
-234
-131
-89
-62
-139
-185
-172
-104
-17
1
-40
-150
-231
-209
-84
-27
-71
-145
-210
-138
-72
-5
-45
-112
-160
-174
-114
-91
-54
-124
-198
-183
-132
-23
-17
-97
-156
-154
-56
-20
16
-18
-76
-72
-64
-4
-13
-52
-85
-46
8
27
24
-17
-52
-5
20
28
19
-9
-28
-32
13
53
78
52
2
-2
-23
16
14
27
19
44
81
125
122
67
34
65
133
149
110
52
25
87
157
205
187
128
87
112
210
263
231
136
70
25
59
83
70
-37
-110
-99
-46
17
-16
-53
-64
-65
11
17
2
1
-13
0
15
57
43
9
-39
-52
-10
38
34
-11
-1
-3
42
37
1
0
-27
20
42
58
114
37
13
-46
-30
-28
-63
-40
-73
-56
-90
-141
-140
-144
-111
-111
-75
-88
-120
-133
-193
-151
-118
-16
-3
-66
-137
-171
-131
-76
-22
12
31
-6
-33
19
65
135
112
74
58
80
134
149
124
46
65
94
111
87
-12
-34
-54
-13
12
8
-36
-72
-32
30
115
120
74
85
74
127
149
169
114
74
54
49
53
14
-16
-9
7
42
74
47
27
58
89
98
70
48
51
58
100
98
73
18
-17
-28
-3
46
44
29
2
-12
12
44
62
41
17
-25
-39
-29
-36
-24
-66
-62
-70
-87
-85
-118
-96
-83
-47
-10
38
40
30
4
16
29
47
57
60
56
46
57
29
8
-5
10
21
19
2
-23
-61
-65
-42
-8
13
16
-21
-40
-33
-11
7
25
20
-7
-16
-44
-37
-32
-25
12
42
53
30
40
49
53
80
98
125
127
91
40
5
33
54
89
71
46
6
3
-6
-31
14
52
81
47
6
1
12
21
16
38
34
-13
-26
-56
-32
1
17
43
36
56
27
47
64
81
103
99
97
73
59
41
28
20
25
20
27
15
12
20
29
42
44
53
41
50
51
32
-6
-19
-21
3
-18
-34
-57
-66
-58
-42
-22
-17
-7
-5
1
43
46
62
42
52
34
31
36
43
34
10
8
20
34
37
32
29
19
45
47
54
59
65
30
28
38
30
53
41
57
45
37
37
5
25
28
48
54
44
39
50
43
41
47
52
44
45
20
13
42
40
57
39
3
-12
-15
11
26
10
-13
-42
-21
-3
19
15
-6
-1
6
31
68
45
20
15
33
43
78
91
47
44
37
54
58
41
46
17
39
28
23
43
13
9
1
-4
35
38
16
18
-5
3
8
3
22
16
18
-7
-12
11
20
47
53
52
54
27
36
26
52
59
70
47
32
10
1
12
15
3
12
1
18
35
11
19
30
55
62
35
32
6
-3
1
20
32
29
11
9
-4
5
27
38
41
32
33
15
5
-3
13
22
-7
-15
-46
-33
-13
-16
-2
7
-9
-9
21
33
48
52
45
54
51
53
43
47
19
11
7
-14
1
-13
-4
-16
-29
-27
-22
-12
-9
-5
6
10
19
18
11
20
37
41
59
61
84
59
75
103
93
86
76
78
64
58
51
47
20
-10
-19
-25
-17
-19
-37
-37
-55
-41
-30
-15
-12
6
-6
-14
6
-17
-12
6
2
32
21
42
57
56
54
58
73
69
85
81
69
56
31
14
5
0
6
-7
-16
-18
-17
-9
-17
-7
13
25
43
38
45
47
72
70
70
63
65
40
30
7
15
16
11
0
-8
-31
-33
-30
-16
-11
-9
12
-6
-11
-9
1
-13
-5
-3
-5
-12
-25
-7
-2
-3
13
13
22
33
38
48
43
48
52
29
44
24
10
-3
-26
-16
-14
-18
-12
-16
-25
-22
-3
-8
16
10
19
17
11
18
15
11
4
22
25
31
5
9
-4
0
14
14
16
7
5
0
7
6
-12
4
3
-16
-25
-29
-29
-24
-12
-9
-5
-22
-16
-16
2
19
47
42
31
28
30
36
34
41
19
18
18
-1
16
-3
-25
-26
-21
-4
1
-20
-19
-26
-31
-11
-15
-7
2
-14
-14
-13
-11
-16
-13
-18
-12
-7
1
27
12
30
8
21
20
37
38
24
13
2
8
0
-17
-29
-35
-29
-43
-46
-46
-29
-35
-20
-27
-16
-22
-15
-18
-21
-9
10
6
-8
6
-11
-6
-8
-11
-4
3
-10
-2
-9
-16
-11
-5
11
6
11
-4
-19
-20
-17
-3
-10
-11
-28
-28
-37
-26
-23
-30
-29
-22
-15
-24
-43
-28
-30
-13
-10
-8
-13
-18
-47
-21
-10
1
0
-15
5
-5
7
17
9
21
7
1
4
14
12
10
13
20
15
7
3
4
-13
0
9
2
-1
2
-2
9
-5
-1
-6
-8
-13
-10
-11
-15
-6
-14
3
-6
-1
1
-3
13
14
11
13
16
17
32
16
14
-5
11
-6
0
-7
-2
-10
-11
-8
-17
-19
-17
-13
-16
-11
-18
-22
-20
-22
-12
-19
-6
-8
-12
-40
-21
-16
-21
-15
-14
-15
-14
-7
-11
0
-3
-16
-13
2
-7
-10
6
-8
-11
-2
-2
-4
-2
2
-13
-10
-19
-25
-12
-24
-17
-33
-9
-24
-32
-30
-20
-16
-15
-10
-17
-11
-21
-6
-12
-5
-7
-1
-10
0
-2
-9
-16
-22
-13
-14
-5
-7
-20
-11
-8
-1
5
-6
-5
-7
-15
-20
-15
-31
-20
-38
-22
-23
-22
-28
-24
-14
-9
-7
-11
-11
-9
-10
-11
-15
-1
0
-22
-6
-8
-30
-17
1
-9
-1
15
0
-3
-10
-8
4
6
13
-11
2
-9
-5
2
-9
-8
-9
-14
2
-2
-22
-10
-18
-24
-16
-15
-5
-19
-9
-20
-16
-5
-13
-2
1
7
-13
-4
8
-1
10
1
8
3
7
3
1
-1
-10
-19
-8
-7
0
-6
3
-14
-10
-5
-20
3
-25
-18
-11
-11
-7
-13
-13
-5
3
-14
-24
-18
-24
-22
-15
-21
-22
-13
-17
-21
-24
-15
-10
-20
-25
-18
8
10
3
-20
-5
-2
-13
-2
-11
-21
-26
-33
-19
-37
-29
-32
-10
-21
-21
-29
-25
-24
-14
-4
-6
-5
-17
-16
-15
-9
-4
-10
-17
-19
-18
-26
-30
-16
-10
-10
-13
-2
-21
-9
5
-6
-2
1
-14
-5
-8
-13
-17
-23
-15
-18
-24
-18
-9
-8
-10
-2
-11
-23
41
-17
-65
25
-25
-56
40
32
-13
-17
3
-1
16
53
26
49
18
4
8
13
21
14
-20
-8
1
-4
-13
7
-15
-13
4
-14
-11
8
-12
-18
-5
2
9
6
18
14
4
23
23
0
5
16
-1
-5
15
-11
14
2
1
6
-19
-1
-4
-8
-12
-8
-20
-14
-12
-12
3
-4
-14
7
5
11
9
6
17
8
2
10
4
-7
4
9
-9
-11
-7
-8
-26
-10
3
-2
-3
0
-6
-7
-1
-3
2
4
11
-7
20
16
11
14
17
18
33
24
22
27
15
14
13
16
26
4
-7
-1
-3
-12
1
-17
-14
-14
-19
-12
-25
-23
-24
-14
-18
-6
-3
-20
-20
-7
-7
0
-1
-2
7
0
7
13
7
14
2
5
-3
-5
-17
-11
-7
-22
-15
-16
-12
-18
-20
-9
-3
-4
-8
-2
-5
11
1
2
7
3
2
-5
10
5
-5
-2
5
-3
-8
18
-2
7
4
-3
4
2
-5
0
-11
-6
-6
-9
-13
-15
6
8
-2
5
6
12
12
21
22
20
26
32
30
28
17
29
12
18
17
4
2
11
8
-6
2
-4
-12
-9
-10
-17
-19
-4
-13
1
4
-7
8
5
15
12
11
25
15
16
20
17
19
11
6
25
21
16
13
9
23
11
13
24
16
12
16
20
5
-1
5
6
5
13
3
6
6
7
9
12
18
25
0
8
15
9
10
16
7
16
5
17
18
23
17
15
13
-9
12
17
20
19
20
25
21
23
36
24
37
24
31
22
34
25
20
19
26
13
12
4
5
12
13
3
5
7
-3
-8
-9
-3
-16
-3
12
3
13
15
15
20
29
27
27
17
9
38
30
39
24
48
30
21
21
26
25
16
19
24
25
30
21
14
15
8
22
16
32
21
38
15
18
22
30
21
27
34
28
42
33
38
30
51
34
34
39
22
24
22
22
18
29
19
20
15
7
15
22
9
9
17
10
5
25
17
23
15
13
18
22
21
19
14
19
14
18
36
12
21
12
13
7
7
20
23
10
3
18
5
5
12
9
13
11
7
8
3
12
13
14
33
16
17
18
24
18
13
7
18
15
0
8
-1
12
0
17
16
1
7
7
30
22
22
10
27
17
11
19
14
18
7
8
15
13
17
14
22
25
21
41
36
26
12
24
17
16
16
12
5
16
17
-2
5
21
14
15
4
32
25
15
31
20
23
19
19
18
25
23
8
7
17
11
10
8
6
8
-1
13
2
4
11
22
28
16
15
23
7
16
15
13
15
6
25
7
7
12
12
10
15
19
6
23
22
33
17
18
21
12
17
18
22
11
20
15
8
27
11
33
19
30
29
37
11
14
27
21
26
38
23
22
24
23
24
21
12
3
10
25
19
10
8
23
27
28
24
21
16
4
13
9
5
15
14
20
10
23
2
0
10
8
4
12
17
17
12
14
2
3
4
5
13
-8
3
-6
11
5
4
25
-3
-1
12
11
8
-4
11
7
-5
-2
6
0
-6
-3
-3
-7
7
13
-1
17
9
3
15
17
26
2
-6
21
16
2
-10
1
2
-9
-4
6
7
2
0
8
7
0
10
5
8
-2
8
10
13
10
8
12
18
10
30
14
10
13
22
16
5
22
14
29
24
26
21
12
5
20
3
5
7
2
-4
-1
17
-5
-5
2
6
8
11
12
0
1
-7
-3
11
4
0
15
9
-2
-7
3
8
4
1
-1
18
4
6
-7
11
0
-6
2
4
-5
0
-3
-1
5
2
8
18
1
-6
22
2
14
16
9
2
1
3
14
6
10
1
-7
2
2
5
0
-16
-3
8
-3
-1
2
2
7
11
3
6
-14
5
-5
-9
-11
6
-9
-21
7
-13
-10
8
2
3
5
-16
-3
4
3
6
11
5
9
14
6
8
17
3
10
-8
-7
-8
14
8
4
8
4
3
0
14
9
8
12
6
19
13
21
7
18
14
26
3
2
2
5
-11
5
11
24
14
12
7
8
11
3
24
5
4
0
-2
-3
-2
-9
-5
-8
-3
2
1
3
-9
6
-3
-7
1
-6
-2
-18
-5
-8
0
-3
0
-3
-12
3
5
-3
5
12
11
6
12
-1
9
3
4
-4
3
13
-9
11
9
3
-4
-2
12
11
3
-4
5
17
15
14
11
4
11
6
13
20
24
26
9
24
21
16
16
22
12
17
10
19
11
7
6
15
-9
15
3
5
10
15
12
10
19
-3
8
5
-1
-19
7
-16
-11
-26
-2
-25
3
-20
0
-3
-9
-1
-12
4
0
-1
-15
-7
6
-7
-3
4
-7
2
-4
-1
-5
1
-1
3
7
-16
-2
4
-8
5
5
0
-12
-1
-2
3
-22
4
-2
-13
-21
-4
6
-13
-12
-22
-14
-16
-10
-25
-20
-15
-12
-14
-7
-14
-10
-26
-20
-19
-34
-27
-21
-12
-20
-18
-11
-5
-17
-14
-6
-17
-36
-22
-25
-26
-22
-12
-18
-22
-15
-18
-31
-14
-14
-17
-17
-10
-24
-16
-15
-10
-8
-7
-14
-9
0
-10
0
-14
-10
-2
-4
-13
-5
-4
3
2
5
11
-6
1
-7
4
-2
-5
-5
1
-4
9
9
4
-3
-8
-4
0
1
6
-5
1
-14
-11
-3
-6
-8
-16
-5
-6
-13
-10
-1
0
-14
-6
-2
4
-3
-13
-5
-16
-17
-9
-3
-2
-14
-4
-14
0
5
-8
-1
-2
-12
-3
-9
-7
-10
-10
-7
-11
-5
-17
-19
-19
-13
-23
-16
-14
3
-5
9
-13
-1
-6
-18
6
-2
-7
0
-12
-21
-10
-17
-20
-11
-11
-6
-11
-6
-10
-3
-4
-7
11
-8
11
3
4
16
9
4
13
8
19
19
25
24
13
23
34
25
26
19
13
18
31
12
22
8
6
10
10
13
18
18
14
17
17
14
5
17
24
17
26
20
23
22
17
23
33
37
28
29
33
33
39
33
24
18
25
23
23
35
21
23
35
16
15
21
21
25
23
35
24
22
21
35
14
22
25
2
11
13
16
16
13
21
21
19
18
15
8
18
16
29
19
17
23
23
28
25
17
18
31
25
26
34
24
21
24
26
14
24
15
23
13
9
11
25
16
12
21
20
13
13
24
30
9
6
32
16
27
19
22
23
16
16
14
13
9
-5
5
18
1
12
16
21
20
20
9
19
16
12
13
13
5
7
16
19
25
16
16
16
13
18
19
14
9
11
15
30
12
8
6
13
19
18
11
14
15
4
24
10
28
7
16
10
9
12
1
6
-5
1
8
4
-1
-6
4
-3
-7
-6
-4
-16
-2
11
6
-7
2
3
7
5
7
-6
-4
-15
-7
-14
-10
14
-7
-8
-8
-13
-18
-7
-14
-11
-6
-19
-13
-18
-19
-15
-6
-8
-11
-7
-17
-12
-2
-7
-9
-22
-8
-13
-17
-25
-13
-18
-12
-10
-11
-7
-22
-7
-17
-4
-19
-4
-10
-20
-22
-15
-10
-5
-16
-13
-7
-17
-4
-8
6
-6
10
2
-18
-4
-15
-19
-8
-13
4
-11
-18
-13
-12
10
16
8
-15
-4
-5
1
-2
4
3
-1
12
8
15
13
6
-11
-1
14
-7
-17
-4
0
-5
1
2
-2
-12
2
1
-6
8
-7
14
2
5
-1
-2
-10
6
4
9
10
1
5
5
21
19
5
9
8
-1
14
7
22
4
-2
11
9
8
8
18
16
26
16
16
20
8
17
8
14
15
24
30
31
19
7
29
18
16
16
16
8
12
3
12
14
11
8
23
21
8
18
10
15
4
21
11
15
28
23
8
21
12
11
12
7
18
25
15
18
18
5
3
20
6
14
16
4
3
5
13
0
20
2
1
8
9
16
1
3
28
23
5
9
9
7
10
3
15
17
2
5
9
13
13
11
19
11
27
16
10
11
24
10
24
23
9
14
20
20
37
21
15
31
45
23
30
33
27
27
28
24
21
28
24
20
12
25
20
9
15
13
10
19
27
17
7
24
16
7
10
10
1
21
3
3
22
8
-12
16
4
4
7
3
9
12
12
23
13
21
10
1
7
22
27
7
25
9
19
10
9
12
7
10
6
6
10
13
6
13
11
15
-4
6
-2
-3
-1
-14
-8
-1
12
-5
1
-5
3
-1
0
-20
-12
3
-13
-14
-9
-10
-9
2
-4
1
-19
-11
3
-6
2
-8
-12
-12
2
-8
6
-9
-4
2
6
-4
-8
-3
-6
-7
-12
-2
-3
-8
1
-10
-2
5
-6
-2
-8
-14
-11
-6
-6
-16
-20
-6
-6
-14
-12
-23
-15
-16
-14
-16
-10
-16
-10
-9
-10
-4
-18
-10
-12
-5
-14
-10
-3
-22
-4
18
-15
5
3
0
2
-1
-1
2
4
0
6
-3
-7
-6
5
2
-6
-2
6
-16
13
-10
2
-2
-5
-8
5
-4
-10
5
-2
9
1
7
10
-7
-5
-3
11
2
15
5
-1
10
14
12
12
0
20
5
27
17
20
17
5
9
24
14
8
21
20
14
17
19
10
16
14
7
17
19
17
13
9
24
27
20
31
28
21
18
28
26
26
31
13
32
26
37
34
38
29
24
39
36
30
25
44
37
37
40
41
41
42
30
40
47
33
30
40
48
29
35
43
49
40
40
48
47
53
50
37
32
38
39
32
39
44
26
36
36
35
29
31
39
33
44
27
30
30
30
23
27
39
25
31
34
31
29
31
28
32
20
34
31
20
24
29
28
21
30
31
28
22
28
24
28
24
20
27
16
10
11
10
13
8
1
8
20
17
18
15
4
4
2
14
8
2
1
5
-5
2
4
12
10
4
8
8
-15
2
13
-6
11
0
-1
6
4
2
4
1
0
9
6
-4
7
6
0
0
3
-18
10
-2
-9
-10
0
7
-13
-5
-22
-15
-4
-9
-22
-9
-7
-8
-11
-20
-19
-14
-9
-5
-11
-20
-7
-6
-15
-4
-12
-9
-36
-15
-12
-23
-21
-28
-9
-14
-24
-27
-21
-24
-33
-24
-35
-34
-10
-33
-39
-30
-29
-30
-40
-26
-39
-35
-49
-34
-37
-39
-42
-38
-37
-37
-52
-34
-23
-41
-41
-36
-47
-36
-42
-39
-26
-33
-38
-39
-32
-29
-42
-34
-34
-43
-33
-37
-30
-42
-26
-31
-41
-31
-42
-37
-31
-29
-31
-38
-43
-36
-37
-40
-41
-36
-40
-29
-29
-38
-36
-34
-35
-27
-26
-39
-45
-29
-40
-28
-41
-33
-24
-24
-25
-32
-32
-15
-28
-32
-31
-22
-38
-28
-24
-29
-28
-28
-37
-32
-28
-20
-23
-22
-25
-36
-11
-31
-27
-36
-25
-22
-21
-22
-32
-25
-22
-22
-28
-32
-28
-18
-27
-16
-23
-12
-11
-12
-15
-3
-19
-14
-12
-8
-30
-24
-17
-15
-27
-16
-13
-16
-17
-13
-15
-14
-18
-22
-8
-18
-11
-4
-11
-23
-12
-18
-20
-11
-5
-5
-18
-4
-2
-15
-8
-12
0
-17
-5
-7
6
8
11
9
0
-10
-1
15
4
7
8
-4
-1
